# Dataset Analysis

## Summary Statistics

|       |   book_id |   goodreads_book_id |     best_book_id |          work_id |   books_count |         isbn13 |   original_publication_year |   average_rating |   ratings_count |   work_ratings_count |   work_text_reviews_count |   ratings_1 |   ratings_2 |   ratings_3 |   ratings_4 |   ratings_5 |
|:------|----------:|--------------------:|-----------------:|-----------------:|--------------:|---------------:|----------------------------:|-----------------:|----------------:|---------------------:|--------------------------:|------------:|------------:|------------:|------------:|------------:|
| count |   9196    |      9196           |   9196           |   9196           |     9196      | 9196           |                    9196     |      9196        |          9196   |               9196   |                   9196    |    9196     |     9196    |     9196    |      9196   |      9196   |
| mean  |   5136.89 |         4.74305e+06 |      4.88153e+06 |      7.64513e+06 |       54.5158 |    9.77942e+12 |                    1993.37  |         4.00893  |         36468.9 |              40330.8 |                   2186.79 |     784.609 |     2036.9  |     8054.01 |     13888.6 |     15566.7 |
| std   |   2806.67 |         6.83147e+06 |      6.98001e+06 |      1.01611e+07 |       61.7632 |    5.84536e+09 |                      34.424 |         0.241753 |         46696.7 |              50284.5 |                   2707.35 |    1340.4   |     2846.37 |     9905.23 |     17009.9 |     21708.8 |
| min   |    115    |        10           |     10           |     87           |        1      |    9.75504e+12 |                    1532     |         3.24     |          2716   |               5510   |                      3    |      11     |       30    |      323    |       750   |      1175   |
| 25%   |   2718.75 |     47993           |  50020.5         | 965248           |       23      |    9.78031e+12 |                    1991     |         3.85     |         13450.8 |              15177   |                    655    |     189     |      641    |     3057    |      5338   |      5274   |
| 50%   |   5140.5  |    372352           | 392497           |      2.52859e+06 |       39      |    9.78045e+12 |                    2004     |         4.02     |         20537   |              23036.5 |                   1312.5  |     365     |     1108    |     4723    |      8034.5 |      8582.5 |
| 75%   |   7565.25 |         8.31657e+06 |      8.53579e+06 |      1.34426e+07 |       63      |    9.78081e+12 |                    2010     |         4.18     |         37944.2 |              42372.5 |                   2490.25 |     790     |     2125.5  |     8588.75 |     14731.2 |     16061.8 |
| max   |  10000    |         2.78644e+07 |      2.8374e+07  |      4.37127e+07 |      586      |    9.79001e+12 |                    2017     |         4.76     |        488243   |             525976   |                  21192    |   19329     |    31221    |    96352    |    171099   |    260867   |


## Missing Values

|                           |    0 |
|:--------------------------|-----:|
| book_id                   |    0 |
| goodreads_book_id         |    0 |
| best_book_id              |    0 |
| work_id                   |    0 |
| books_count               |    0 |
| isbn                      |  700 |
| isbn13                    |  585 |
| authors                   |    0 |
| original_publication_year |   21 |
| original_title            |  585 |
| title                     |    0 |
| language_code             | 1084 |
| average_rating            |    0 |
| ratings_count             |    0 |
| work_ratings_count        |    0 |
| work_text_reviews_count   |    0 |
| ratings_1                 |    0 |
| ratings_2                 |    0 |
| ratings_3                 |    0 |
| ratings_4                 |    0 |
| ratings_5                 |    0 |
| image_url                 |    0 |
| small_image_url           |    0 |


## Correlation Matrix

|                           |    book_id |   goodreads_book_id |   best_book_id |    work_id |   books_count |     isbn13 |   original_publication_year |   average_rating |   ratings_count |   work_ratings_count |   work_text_reviews_count |   ratings_1 |   ratings_2 |   ratings_3 |   ratings_4 |   ratings_5 |
|:--------------------------|-----------:|--------------------:|---------------:|-----------:|--------------:|-----------:|----------------------------:|-----------------:|----------------:|---------------------:|--------------------------:|------------:|------------:|------------:|------------:|------------:|
| book_id                   |  1         |           0.087427  |      0.082386  |  0.0872528 |    -0.260018  | -0.0663527 |                 0.0131382   |     -0.043835    |      -0.654296  |           -0.662518  |                -0.552418  | -0.519664   |  -0.588501  |  -0.64671   |  -0.663441  |  -0.610435  |
| goodreads_book_id         |  0.087427  |           1         |      0.97491   |  0.924145  |    -0.240026  | -0.318364  |                 0.357403    |     -0.0228444   |      -0.0970563 |           -0.0744454 |                 0.258203  | -0.03493    |  -0.0606698 |  -0.093414  |  -0.0685514 |  -0.0659916 |
| best_book_id              |  0.082386  |           0.97491   |      1         |  0.902159  |    -0.232587  | -0.314949  |                 0.348038    |     -0.0197825   |      -0.0968707 |           -0.0688287 |                 0.257359  | -0.0329248  |  -0.057706  |  -0.0894498 |  -0.0630212 |  -0.0596358 |
| work_id                   |  0.0872528 |           0.924145  |      0.902159  |  1         |    -0.187212  | -0.29029   |                 0.290431    |     -0.0143391   |      -0.0939762 |           -0.074364  |                 0.220338  | -0.0428532  |  -0.0643682 |  -0.0908537 |  -0.0671248 |  -0.0671149 |
| books_count               | -0.260018  |          -0.240026  |     -0.232587  | -0.187212  |     1         |  0.0985623 |                -0.594952    |     -0.126876    |       0.278744  |            0.294348  |                 0.156804  |  0.234709   |   0.297265  |   0.322236  |   0.30878   |   0.23936   |
| isbn13                    | -0.0663527 |          -0.318364  |     -0.314949  | -0.29029   |     0.0985623 |  1         |                -0.0908112   |     -0.056875    |       0.0365688 |            0.0319463 |                -0.0226808 |  0.0273664  |   0.042834  |   0.0511438 |   0.0336397 |   0.0169977 |
| original_publication_year |  0.0131382 |           0.357403  |      0.348038  |  0.290431  |    -0.594952  | -0.0908112 |                 1           |      0.000852131 |      -0.0234475 |           -0.018951  |                 0.156954  | -0.00926852 |  -0.0152959 |  -0.0265479 |  -0.0105178 |  -0.0209643 |
| average_rating            | -0.043835  |          -0.0228444 |     -0.0197825 | -0.0143391 |    -0.126876  | -0.056875  |                 0.000852131 |      1           |       0.0630037 |            0.0596753 |                -0.0533787 | -0.196028   |  -0.265655  |  -0.159453  |   0.0327286 |   0.232273  |
| ratings_count             | -0.654296  |          -0.0970563 |     -0.0968707 | -0.0939762 |     0.278744  |  0.0365688 |                -0.0234475   |      0.0630037   |       1         |            0.993595  |                 0.684251  |  0.780194   |   0.849888  |   0.934166  |   0.976765  |   0.950291  |
| work_ratings_count        | -0.662518  |          -0.0744454 |     -0.0688287 | -0.074364  |     0.294348  |  0.0319463 |                -0.018951    |      0.0596753   |       0.993595  |            1         |                 0.715621  |  0.781151   |   0.854947  |   0.938217  |   0.985496  |   0.955716  |
| work_text_reviews_count   | -0.552418  |           0.258203  |      0.257359  |  0.220338  |     0.156804  | -0.0226808 |                 0.156954    |     -0.0533787   |       0.684251  |            0.715621  |                 1         |  0.600361   |   0.66768   |   0.675757  |   0.728698  |   0.653689  |
| ratings_1                 | -0.519664  |          -0.03493   |     -0.0329248 | -0.0428532 |     0.234709  |  0.0273664 |                -0.00926852  |     -0.196028    |       0.780194  |            0.781151  |                 0.600361  |  1          |   0.917804  |   0.816167  |   0.740026  |   0.675064  |
| ratings_2                 | -0.588501  |          -0.0606698 |     -0.057706  | -0.0643682 |     0.297265  |  0.042834  |                -0.0152959   |     -0.265655    |       0.849888  |            0.854947  |                 0.66768   |  0.917804   |   1         |   0.947091  |   0.839644  |   0.702505  |
| ratings_3                 | -0.64671   |          -0.093414  |     -0.0894498 | -0.0908537 |     0.322236  |  0.0511438 |                -0.0265479   |     -0.159453    |       0.934166  |            0.938217  |                 0.675757  |  0.816167   |   0.947091  |   1         |   0.945979  |   0.801137  |
| ratings_4                 | -0.663441  |          -0.0685514 |     -0.0630212 | -0.0671248 |     0.30878   |  0.0336397 |                -0.0105178   |      0.0327286   |       0.976765  |            0.985496  |                 0.728698  |  0.740026   |   0.839644  |   0.945979  |   1         |   0.91176   |
| ratings_5                 | -0.610435  |          -0.0659916 |     -0.0596358 | -0.0671149 |     0.23936   |  0.0169977 |                -0.0209643   |      0.232273    |       0.950291  |            0.955716  |                 0.653689  |  0.675064   |   0.702505  |   0.801137  |   0.91176   |   1         |


## Key Insights

- **book_id:** Mean = 5136.89, Std Dev = 2806.67, Skewness = -0.00, Kurtosis = -1.19
- **goodreads_book_id:** Mean = 4743045.92, Std Dev = 6831469.99, Skewness = 1.30, Kurtosis = 0.41
- **best_book_id:** Mean = 4881527.89, Std Dev = 6980013.37, Skewness = 1.29, Kurtosis = 0.41
- **work_id:** Mean = 7645129.64, Std Dev = 10161112.96, Skewness = 1.71, Kurtosis = 2.48
- **books_count:** Mean = 54.52, Std Dev = 61.76, Skewness = 4.15, Kurtosis = 22.78
- **isbn13:** Mean = 9779417911244.15, Std Dev = 5845364506.42, Skewness = -3.76, Kurtosis = 13.05
- **original_publication_year:** Mean = 1993.37, Std Dev = 34.42, Skewness = -5.35, Kurtosis = 44.81
- **average_rating:** Mean = 4.01, Std Dev = 0.24, Skewness = -0.30, Kurtosis = 0.06
- **ratings_count:** Mean = 36468.89, Std Dev = 46696.72, Skewness = 3.98, Kurtosis = 20.79
- **work_ratings_count:** Mean = 40330.84, Std Dev = 50284.46, Skewness = 3.92, Kurtosis = 20.27
- **work_text_reviews_count:** Mean = 2186.79, Std Dev = 2707.35, Skewness = 3.09, Kurtosis = 12.11
- **ratings_1:** Mean = 784.61, Std Dev = 1340.40, Skewness = 5.12, Kurtosis = 36.41
- **ratings_2:** Mean = 2036.90, Std Dev = 2846.37, Skewness = 4.03, Kurtosis = 21.53
- **ratings_3:** Mean = 8054.01, Std Dev = 9905.23, Skewness = 3.71, Kurtosis = 17.85
- **ratings_4:** Mean = 13888.60, Std Dev = 17009.94, Skewness = 3.85, Kurtosis = 19.55
- **ratings_5:** Mean = 15566.73, Std Dev = 21708.78, Skewness = 4.47, Kurtosis = 27.64


## Visualizations

Refer to the generated PNG files for detailed visualizations, including distribution histograms and correlation heatmaps.